0.99881,0.02176,-0.04354,-0.03592,0.93321,-0.35754,0.03285,0.35868,0.93288,68.8327,-147.9881,1313.0695,157.252,45.2909,1095.6807,-0.6,0.3,4
0.96351,0.03542,-0.2653,-0.12462,0.93659,-0.32753,0.23688,0.34864,0.90683,94.365,-163.2678,1346.2456,157.0772,45.2322,1095.4702,0.6,0.3,4.5
0.98087,0.04495,-0.18943,-0.0992,0.9526,-0.28761,0.16752,0.3009,0.93883,61.5571,-181.2157,1375.2865,157.0349,45.2117,1095.4012,0,0,5
0.99211,0.02695,-0.12246,-0.05742,0.96586,-0.25261,0.11147,0.25765,0.95979,43.0334,-184.316,1345.2249,157.0439,45.2202,1095.4566,-0.6,-0.3,4.5
0.95644,0.05036,-0.28756,-0.12317,0.96265,-0.24109,0.26468,0.26601,0.92692,93.3049,-172.5253,1314.7548,157.114,45.2336,1095.6077,0.6,-0.3,4
0.91033,0.05513,0.41019,0.09666,0.93536,-0.34024,-0.40243,0.34938,0.84616,-52.5611,-153.7748,1335.315,-90.0987,46.058,1115.6363,-0.6,0.3,4
0.96302,0.05996,0.26269,0.03801,0.93494,-0.35275,-0.26675,0.34969,0.89809,9.9078,-164.4812,1353.5613,-90.0598,46.0164,1115.6421,0.6,0.3,4.5
0.94034,0.02585,0.33924,0.07998,0.95237,-0.29428,-0.33069,0.30385,0.89349,7.6568,-192.2508,1402.7326,-90.1477,45.9991,1115.4795,0,0,5
0.91118,0.02008,0.41152,0.09358,0.96262,-0.25419,-0.40124,0.27012,0.87524,-30.7163,-195.5995,1383.1782,-90.0893,46.0199,1115.6647,-0.6,-0.3,4.5
0.96982,0.04588,0.23948,0.01985,0.96402,-0.26509,-0.24302,0.26185,0.93401,-9.39,-174.7885,1320.1712,-90.0211,46.0868,1115.7077,0.6,-0.3,4
0.99881,0.03423,-0.03484,-0.04196,0.96646,-0.25337,0.02499,0.25453,0.96674,62.149,-174.8666,1210.6178,150.6958,-3.1934,962.8561,-0.6,0.3,4
0.98031,0.0367,-0.19402,-0.08374,0.96711,-0.24016,0.17882,0.25168,0.95115,109.9741,-190.6983,1256.8266,150.7167,-3.2129,962.8902,0.6,0.3,4.5
0.99245,0.05048,-0.11179,-0.07256,0.97644,-0.2032,0.0989,0.20978,0.97273,80.6042,-209.0744,1282.1352,150.6033,-3.186,962.5567,0,0,5
0.99857,0.04557,-0.02806,-0.04963,0.98475,-0.16672,0.02004,0.16787,0.9856,59.8032,-210.0672,1250.7111,150.6892,-3.1972,962.7191,-0.6,-0.3,4.5
0.97181,0.07579,-0.22324,-0.10608,0.98622,-0.12697,0.21054,0.14707,0.96646,101.5474,-197.2344,1218.0672,150.7331,-3.1877,962.7467,0.6,-0.3,4
0.90103,0.02788,0.43287,0.09216,0.96285,-0.25384,-0.42386,0.26861,0.86498,-42.217,-209.3558,1270.511,-94.1505,-29.0789,1025.6998,-0.6,0.3,4
0.95473,0.01631,0.29701,0.06052,0.96696,-0.24764,-0.29124,0.25441,0.9222,19.5991,-209.4331,1278.0299,-94.0437,-29.1014,1025.9244,0.6,0.3,4.5
0.92786,0.00885,0.37282,0.07306,0.97603,-0.20499,-0.3657,0.21744,0.90498,13.0383,-234.9531,1324.2543,-94.1581,-29.153,1025.9208,0,0,5
0.90161,-0.01274,0.43236,0.08641,0.98472,-0.15116,-0.42383,0.17365,0.88894,-19.3486,-241.8886,1318.0654,-94.1629,-29.1471,1025.9077,-0.6,-0.3,4.5
0.96837,0.01148,0.24925,0.03299,0.98428,-0.17348,-0.24732,0.17622,0.95277,1.0439,-228.8362,1262.8042,-94.0668,-29.0965,1025.9075,0.6,-0.3,4
0.9836,0.02704,-0.17834,-0.07382,0.96244,-0.26127,0.16458,0.27015,0.94865,28.9755,-245.6987,1402.2868,152.1067,-79.6629,1181.3308,-0.6,0.3,4
0.94537,0.02742,-0.32483,-0.11107,0.96393,-0.24187,0.30648,0.26474,0.91432,71.6417,-257.3637,1439.3146,152.1391,-79.7064,1181.3563,0.6,0.3,4.5
0.965,0.06054,-0.25517,-0.10843,0.97804,-0.17802,0.23879,0.19945,0.95037,31.8547,-276.1584,1486.3001,152.1107,-79.7325,1181.288,0,0,5
0.98819,0.04341,-0.14693,-0.06559,0.98656,-0.14968,0.13846,0.15755,0.97776,26.6705,-280.158,1456.041,152.1362,-79.7181,1181.3718,-0.6,-0.3,4.5
0.94549,0.05951,-0.32016,-0.10761,0.98503,-0.13467,0.30736,0.16178,0.93774,79.9054,-269.6541,1410.8284,152.1782,-79.6898,1181.3829,0.6,-0.3,4
0.9005,0.02804,0.43396,0.11225,0.94911,-0.29426,-0.42012,0.31369,0.85152,-71.2953,-243.4517,1476.818,-125.7754,-51.9784,1237.9269,-0.6,0.3,4
0.95028,0.02596,0.31032,0.06968,0.95353,-0.29315,-0.30351,0.30019,0.90431,-1.5877,-247.5557,1497.214,-125.6943,-51.9697,1237.9622,0.6,0.3,4.5
0.92765,0.00474,0.37341,0.086,0.97033,-0.22597,-0.3634,0.24173,0.89973,-14.8529,-263.0708,1534.901,-125.6561,-51.9951,1238.0644,0,0,5
0.87972,-0.01754,0.47516,0.10477,0.98191,-0.15772,-0.4638,0.18853,0.86565,-38.4661,-268.641,1515.737,-125.6372,-51.9976,1238.0373,-0.6,-0.3,4.5
0.9559,0.00247,0.29369,0.05629,0.97988,-0.19147,-0.28825,0.19956,0.93653,-17.4155,-258.1878,1463.0213,-125.6307,-51.9926,1238.1387,0.6,-0.3,4
0.99876,0.02647,-0.04222,-0.03808,0.95188,-0.30411,0.03214,0.30534,0.9517,40.6394,-145.6723,1243.7531,129.1264,37.0967,1009.5381,-0.6,0.3,4
0.98117,0.03655,-0.18964,-0.0885,0.95785,-0.2733,0.17166,0.28494,0.94305,89.7717,-155.08,1279.8156,129.0757,37.0799,1009.5405,0.6,0.3,4.5
0.99402,0.04054,-0.10139,-0.06492,0.96601,-0.25021,0.0878,0.2553,0.96287,63.5011,-179.6698,1316.6941,129.0448,37.0506,1009.5528,0,0,5
0.99929,0.0263,-0.02691,-0.03109,0.97991,-0.197,0.02119,0.1977,0.98003,42.2325,-180.1667,1293.4122,129.0461,37.0663,1009.4811,-0.6,-0.3,4.5
0.97407,0.04822,-0.22107,-0.08944,0.97951,-0.18043,0.20784,0.19552,0.95842,85.5086,-167.2839,1252.9859,129.1239,37.0875,1009.5815,0.6,-0.3,4
0.92298,0.04068,0.3827,0.08181,0.95093,-0.29838,-0.37606,0.30671,0.87436,-52.763,-155.0898,1283.2145,-85.1782,31.1545,1050.5832,-0.6,0.3,4
0.97455,0.04239,0.22011,0.02546,0.95466,-0.29659,-0.22271,0.29465,0.92929,2.6957,-165.2803,1299.9088,-85.1729,31.1297,1050.5537,0.6,0.3,4.5
0.95053,0.03012,0.30918,0.05297,0.965,-0.25684,-0.30609,0.26051,0.91566,-3.3035,-192.6218,1348.6749,-85.2728,31.0853,1050.6712,0,0,5
0.92938,0.01128,0.36894,0.07245,0.97451,-0.21232,-0.36193,0.22406,0.90488,-36.722,-196.2393,1328.0806,-85.2105,31.108,1050.6847,-0.6,-0.3,4.5
0.97565,0.02894,0.2174,0.01708,0.97822,-0.20687,-0.21865,0.20554,0.95391,-6.8422,-178.1808,1272.3435,-85.1297,31.1256,1050.6578,0.6,-0.3,4
