0.98518,0.04137,-0.16645,-0.06125,0.99135,-0.1161,0.16021,0.12457,0.97919,-17.877,-153.0878,1207.79,110.4178,-19.9977,943.4932,-0.62584,0.32142,4.12343
0.92709,0.04771,-0.37179,-0.09572,0.98911,-0.11176,0.36241,0.1392,0.92157,7.6473,-161.5296,1246.8684,110.4223,-20.0052,943.4971,0.59689,0.35486,4.59813
0.95169,0.04898,-0.30312,-0.07549,0.99422,-0.07635,0.29763,0.09554,0.94989,-23.2669,-177.4897,1260.0965,110.4196,-19.9965,943.557,0.00659,0.00456,4.95316
0.97146,0.04796,-0.23229,-0.05791,0.99767,-0.03619,0.23001,0.04861,0.97197,-18.0018,-171.2361,1148.8062,110.4139,-19.9843,943.5125,-0.54876,-0.26579,3.55443
0.92455,0.06891,-0.37477,-0.08183,0.99647,-0.01864,0.37216,0.0479,0.92693,5.6677,-190.0392,1218.9817,110.42,-19.998,943.5553,0.48921,-0.38762,4.12345
0.93416,0.05173,0.35309,0.00025,0.98934,-0.14562,-0.35686,0.13612,0.92419,-164.6513,-154.6263,1250.333,-193.0111,-9.1184,961.8826,-0.62584,0.32142,4.12343
0.98283,0.04437,0.17909,-0.01805,0.98912,-0.14601,-0.18362,0.14027,0.97294,-112.0163,-159.6459,1263.8846,-192.9981,-9.122,961.8751,0.59689,0.35486,4.59813
0.96247,0.03499,0.26914,-0.00858,0.99508,-0.0987,-0.27127,0.09269,0.95803,-120.1965,-177.653,1298.5822,-193.032,-9.2199,961.6219,0.00659,0.00456,4.95316
0.93042,0.0088,0.3664,0.00922,0.99883,-0.04741,-0.36639,0.04749,0.92925,-169.6404,-170.5331,1211.3597,-193.0358,-9.1519,961.7599,-0.54876,-0.26579,3.55443
0.98413,0.02348,0.17591,-0.021,0.99965,-0.01591,-0.17623,0.01197,0.98428,-126.2141,-178.1908,1240.7063,-193.036,-9.1509,961.818,0.48921,-0.38762,4.12345
0.99863,0.04538,-0.026,-0.04833,0.99074,-0.12687,0.02,0.12795,0.99158,5.1529,-198.1458,1015.3954,93.384,-61.8999,734.5696,-0.62584,0.32142,4.12343
0.98353,0.04777,-0.1743,-0.06969,0.9901,-0.12185,0.16676,0.13199,0.97712,58.0868,-205.6197,1045.5415,93.3904,-61.9487,734.5116,0.59689,0.35486,4.59813
0.99234,0.05435,-0.11092,-0.06356,0.99467,-0.08123,0.10592,0.08766,0.9905,24.8137,-223.7187,1085.9831,93.3655,-61.9857,734.4637,0.00659,0.00456,4.95316
0.99751,0.03868,-0.05897,-0.0397,0.99908,-0.01623,0.05829,0.01853,0.99813,3.5972,-212.5474,975.5199,93.3923,-61.9623,734.4079,-0.54876,-0.26579,3.55443
0.98069,0.05879,-0.18653,-0.05768,0.99827,0.01139,0.18688,-0.00041,0.98238,47.3573,-222.2498,1022.2727,93.3896,-61.9391,734.601,0.48921,-0.38762,4.12345
0.93433,0.04123,0.35402,0.01092,0.98951,-0.14406,-0.35624,0.13846,0.92408,-165.3804,-193.7925,1028.4669,-196.4838,-49.339,735.7984,-0.62584,0.32142,4.12343
0.9778,0.04753,0.20407,-0.01842,0.98966,-0.14224,-0.20873,0.13532,0.96857,-103.4466,-200.2776,1043.4766,-196.521,-49.3603,735.723,0.59689,0.35486,4.59813
0.95984,0.04212,0.27737,-0.01726,0.99566,-0.09146,-0.28002,0.083,0.9564,-122.1151,-215.7746,1076.3072,-196.5701,-49.3936,735.6769,0.00659,0.00456,4.95316
0.94136,0.02061,0.33678,-0.00989,0.99939,-0.03352,-0.33727,0.02822,0.94099,-182.6489,-205.8193,985.2665,-196.3017,-49.2756,735.9361,-0.54876,-0.26579,3.55443
0.97519,0.01596,0.22078,-0.0149,0.99987,-0.00643,-0.22085,0.00298,0.9753,-114.9384,-215.1418,1017.3693,-196.3843,-49.274,736.1162,0.48921,-0.38762,4.12345
0.98323,0.03985,0.17796,-0.01719,0.99175,-0.12706,-0.18156,0.12187,0.9758,-84.0628,-135.2558,1217.8828,-58.7478,2.3377,914.5558,-0.62584,0.32142,4.12343
0.99776,0.0545,0.03876,-0.04921,0.99078,-0.12626,-0.04529,0.12407,0.99124,-24.8401,-142.0282,1225.5836,-58.7543,2.2812,914.4679,0.59689,0.35486,4.59813
0.99534,0.04527,0.08514,-0.03802,0.99566,-0.08491,-0.08861,0.08128,0.99274,-53.88,-161.9381,1272.7758,-58.7582,2.2641,914.4795,0.00659,0.00456,4.95316
0.98356,0.02545,0.17876,-0.02002,0.99928,-0.0321,-0.17945,0.02799,0.98337,-88.0796,-155.6701,1170.228,-58.7533,2.3548,914.5252,-0.54876,-0.26579,3.55443
0.99844,0.02712,0.04881,-0.02711,0.99963,-0.00086,-0.04881,-0.00047,0.99881,-30.1059,-162.4974,1204.51,-58.7533,2.3073,914.5751,0.48921,-0.38762,4.12345
0.99913,0.04113,0.00638,-0.0404,0.99518,-0.08937,-0.01002,0.08903,0.99598,12.387,-180.8419,1218.5028,91.611,-53.4524,927.8464,-0.62584,0.32142,4.12343
0.97924,0.05006,-0.19641,-0.06392,0.99584,-0.06487,0.19234,0.07607,0.97837,48.2935,-180.2544,1253.3856,91.5936,-53.5626,927.565,0.59689,0.35486,4.59813
0.987,0.05712,-0.15024,-0.06424,0.99701,-0.043,0.14733,0.05209,0.98771,8.1787,-203.9495,1283.8692,91.5924,-53.5545,927.5865,0.00659,0.00456,4.95316
0.99581,0.04926,-0.07708,-0.05147,0.99831,-0.02685,0.07563,0.0307,0.99666,-5.4907,-205.6168,1166.3129,91.5932,-53.5141,927.5513,-0.54876,-0.26579,3.55443
0.97649,0.05947,-0.20722,-0.05757,0.99823,0.01516,0.20775,-0.00287,0.97818,40.4075,-212.4587,1216.0451,91.5949,-53.5248,927.659,0.48921,-0.38762,4.12345
0.953,0.05748,0.29747,-0.02076,0.99192,-0.12514,-0.30226,0.11308,0.94649,-158.4655,-119.5627,1115.9093,-169.1339,18.9753,816.4311,-0.62584,0.32142,4.12343
0.97849,0.05753,0.19812,-0.03294,0.99157,-0.12528,-0.20366,0.11606,0.97214,-79.4817,-126.5012,1129.6957,-169.1239,18.9694,816.4814,0.59689,0.35486,4.59813
0.96167,0.0466,0.27021,-0.02362,0.99587,-0.08766,-0.27318,0.07792,0.9588,-98.2287,-146.041,1162.5302,-169.1584,18.9413,816.5159,0.00659,0.00456,4.95316
0.93998,0.04114,0.33875,-0.01176,0.99602,-0.08835,-0.34104,0.07906,0.93672,-158.8888,-149.8486,1059.6285,-169.0477,19.0308,816.6152,-0.54876,-0.26579,3.55443
0.97811,0.02525,0.20657,-0.01404,0.99836,-0.05556,-0.20763,0.05145,0.97685,-95.8468,-160.6627,1089.4609,-169.0202,19.0423,816.5374,0.48921,-0.38762,4.12345
0.99922,0.0386,0.00835,-0.03721,0.99105,-0.1282,-0.01322,0.12779,0.99171,-5.4921,-77.4157,1024.6519,71.7343,60.0009,744.7266,-0.62584,0.32142,4.12343
0.98688,0.04082,-0.15622,-0.06099,0.99008,-0.12661,0.1495,0.13448,0.97957,42.6533,-83.3464,1048.4045,71.7155,59.9806,744.7467,0.59689,0.35486,4.59813
0.99522,0.05533,-0.08042,-0.06253,0.99397,-0.09007,0.07495,0.09467,0.99268,13.7439,-104.9625,1100.7065,71.7002,59.9641,744.7875,0.00659,0.00456,4.95316
0.9983,0.05617,-0.01575,-0.05702,0.99655,-0.0603,0.01231,0.06109,0.99806,-10.4769,-97.6328,976.0187,71.7968,60.1003,744.9446,-0.54876,-0.26579,3.55443
0.98551,0.04746,-0.16287,-0.0539,0.99792,-0.03536,0.16085,0.04363,0.98601,35.0946,-114.0004,1033.1869,71.7848,60.0763,744.9027,0.48921,-0.38762,4.12345
